[pasto.jpg.jpg]
moddate=8ffd40bb8568d701
width=800
height=529
text=1;137;13;Viveros Moras;Ink Free;0.149802,0.302146,0.171801,6.283185;v1,4278190080,4278190080,128.000000,1.000000,0.056075,0.898438,400,2,49152;;
textactive=1
